3a30a242-7bc1-4aed-97b2-ff1ac5b3dba2:
- Radius: 4.0
  Center:
    W: 3a30a242-7bc1-4aed-97b2-ff1ac5b3dba2
    X: -4842.654797543713
    Pitch: 0.0
    Y: 53.0
    Z: 6088.061410207098
    Yaw: 288.9100341796875
  Counter: 5
