jails: 
  obsi1: 
    world: world
    x: -54.54651463893242
    y: 87.0
    z: 320.7581511409007
    yaw: -176.32947
    pitch: 13.817158
  a1: 
    world: world
    x: -54.30232122913003
    y: 79.0
    z: 321.14320534279506
    yaw: -179.31274
    pitch: 19.471762
  gv: 
    world: world
    x: -45.96976625180459
    y: 75.0
    z: 326.8573281955016
    yaw: -60.94812
    pitch: -11.16587
