world: Bouquenia
x: 519.3906916320775
y: 84.0
z: 733.0418997900816
yaw: -222.74614
pitch: 11.731731
name: admin
