world: Bouquenia
x: 728.2766835354308
y: 54.0
z: 786.4377938745527
yaw: 85.848694
pitch: -19.41569
name: anomalietarte
