world: Bouquenia
x: 1265.3834972503646
y: 72.0
z: 523.3273800827403
yaw: -64.97747
pitch: 7.5267305
name: anomaliepatate
