world: Bouquenia
x: 410.70797710669575
y: 76.0
z: 968.451834198168
yaw: 347.14352
pitch: -0.5519776
name: anomaliepomme
