world: Bouquenia
x: -836.914359023673
y: 91.0
z: 1122.350048662
yaw: 140.96317
pitch: 14.363161
name: anomaliesaumon
