world: Bouquenia
x: -22.938567176792287
y: 65.0
z: 328.8305318176187
yaw: 49.699463
pitch: 19.04267
name: anomaliebiscuit
