world: Bouquenia
x: 1429.5704205424968
y: 63.0
z: 1109.5186297699408
yaw: 88.871
pitch: -0.22469424
name: anomaliecarotte
