world: Bouquenia
x: -158.50367653023534
y: 68.0
z: 1127.006494758963
yaw: -180.30038
pitch: 19.200043
name: arene
