world: HUB
x: 700.3948851484766
y: 104.0
z: -280.5256196532871
yaw: -255.97168
pitch: 7.125903
name: boules
