world: Bouquenia
x: 272.78173913339197
y: 68.0
z: 919.9253641348356
yaw: -1.3208756
pitch: 7.052077
name: Bouquenia
