world: Bouquenia
x: -270.36589423945793
y: 41.0
z: 802.9252937223584
yaw: -168.69556
pitch: 13.228913
name: campement
