world: HUB
x: 547.6898615407548
y: 32.0
z: 32.61337267388262
yaw: -90.528564
pitch: -12.176336
name: cathédrale
