world: Bouquenia
x: -854.2780915073123
y: 76.0
z: 1125.9132855588196
yaw: 91.09909
pitch: -0.25973555
name: Champi
