world: cleanroom
x: 0.09535722233380044
y: 221.0
z: 0.17543600669626574
yaw: -87.15258
pitch: 25.44387
name: Clean
