world: Bouquenia
x: 1462.8888990977346
y: 50.0
z: 2288.673418722144
yaw: -269.5026
pitch: 5.0386014
name: coffredivin
