world: Bouquenia
x: 608.3000000119209
y: 70.0
z: 985.4206376847948
yaw: 227.03911
pitch: 9.988805
name: CRB
