world: Bouquenia
x: 425.4113991177532
y: 70.0
z: 802.0824023453893
yaw: -89.23871
pitch: 2.0806155
name: Culturel
