world: Bouquenia
x: 1472.6331813966428
y: 70.0
z: 2374.2450266766796
yaw: -179.57129
pitch: 33.6995
name: divine
