world: Bouquenia_the_end
x: 100.45589334710853
y: 49.0
z: -1.2734621356135325
yaw: -4.8279765E-7
pitch: -4.3868523
name: end
