world: Bouquenia
x: -5.035457037728607
y: 64.0
z: 1744.959674952903
yaw: 1.7529097
pitch: -0.4060697
name: Event
