world: Bouquenia
x: -545.627812898018
y: 65.0
z: 182.98318917968086
yaw: 92.25206
pitch: 0.9102063
name: Foret
