world: Bouquenia
x: -165.20747880688006
y: 66.0
z: 874.2422469510411
yaw: 26.649464
pitch: 1.0918684
name: Grille
