world: Bouquenia
x: -165.31353875614454
y: 66.0
z: 867.0405015088153
yaw: 175.21841
pitch: 0.50695753
name: Grille2
