world: Bouquenia
x: 251.83835490058487
y: 54.0
z: 991.6999999880791
yaw: 178.99658
pitch: 3.39637
name: heads
