world: Pitman
x: 488.9843493914683
y: 97.0
z: 591.6548847566099
yaw: -133.57394
pitch: 19.66368
name: HomeEhiian
