world: Pitman
x: 1394.303196324134
y: 64.65857066611338
z: 1380.9068069495445
yaw: 176.97775
pitch: 16.731186
name: homekerion38
