world: Pitman
x: -45.24368105049606
y: 75.0
z: 773.1597483258039
yaw: -102.41238
pitch: -15.285102
name: HomeSilencio
