world: Bouquenia
x: -51.15694094536978
y: 68.0
z: 1539.025098893881
yaw: 91.375656
pitch: 1.7874265
name: Hotel
