world: HUB
x: -30.76382450553959
y: 59.8125
z: -3.552736386061067
yaw: -89.9043
pitch: 1.2593153
name: hub
