world: Bouquenia
x: 177.34229527985855
y: 63.0
z: 1834.5451210565575
yaw: 107.39314
pitch: 4.0162516
name: items
