world: Bouquenia
x: 565.809972460413
y: 66.0
z: 2019.0283393493864
yaw: 271.41583
pitch: -1.9010386
name: jungle
