world: Bouquenia
x: -172.70123027772848
y: 65.0
z: 1189.3662011413207
yaw: 271.09116
pitch: 1.2025046
name: Leviathan
