world: Bouquenia
x: 229.04893071150107
y: 65.0
z: 990.0884210228053
yaw: 267.88724
pitch: -0.55182546
name: Mairie
