world: flatworld
x: 594.3668557267146
y: 11.036974199907675
z: 1981.7984105561675
yaw: -180.01117
pitch: -4.1206956
name: mansion
