world: Bouquenia
x: 1347.8440103706596
y: 64.0
z: 1151.9563718984339
yaw: 182.01904
pitch: 1.0913882
name: Marais
