world: Bouquenia
x: 206.1375318329668
y: 70.0
z: 1659.9183516886933
yaw: 179.2752
pitch: -2.0145802
name: Marché
