world: Mega
x: -1603.0129789191737
y: 56.0
z: -219.90868622576164
yaw: 178.85445
pitch: 12.072849
name: Mega16
