world: Mega
x: 59.95075645080716
y: 112.0
z: 2926.850242238276
yaw: -1.3160095
pitch: -1.2338192
name: Mega13
