world: Mega
x: 2155.6380815601133
y: 55.0
z: 1959.7730502286302
yaw: -315.12286
pitch: 3.0070882
name: Mega10
