world: Mega
x: 2177.831164360012
y: 86.0
z: 3807.6503562511834
yaw: -125.02579
pitch: 2.422018
name: Mega11
