world: Mega
x: -835.2710262859417
y: 79.0
z: 2552.851808939219
yaw: -346.9857
pitch: 11.780521
name: Mega14
