world: Mega
x: -3143.4532527717083
y: 56.0
z: -761.0050036186966
yaw: 177.83002
pitch: 2.339622
name: Mega2
