world: Mega
x: 2191.227059865556
y: 71.0
z: 1021.6083871347511
yaw: -4.109375
pitch: 10.318549
name: Mega9
