world: Mega
x: 1088.7724607002253
y: 63.0
z: 3965.1035777466104
yaw: -6.5803833
pitch: 1.1059299
name: Mega12
