world: Mega
x: 682.5589566068509
y: 55.0
z: -2349.116174910705
yaw: -85.99634
pitch: 7.2479706
name: Mega7
