world: Mega
x: -557.1674924063599
y: 56.0
z: -1558.649535385424
yaw: 181.21509
pitch: 0.22894432
name: Mega6
