world: Mega
x: -3038.8721549192046
y: 96.0
z: 1267.9344516219446
yaw: 182.05527
pitch: 2.4858832
name: Mega1
