world: Mega
x: 1645.6279283044798
y: 53.0
z: -1518.5573122485669
yaw: -84.24127
pitch: 12.365937
name: Mega8
