world: Mega
x: -2937.906553177325
y: 56.0
z: -2565.8743406923336
yaw: 326.27582
pitch: 3.5922866
name: Mega5
