world: Mega
x: -3647.4087177778947
y: 91.0
z: -1468.7143043229435
yaw: 94.06714
pitch: 4.762118
name: Mega3
