world: Mega
x: -3108.3144486178307
y: 156.0
z: -1920.3777059547724
yaw: 42.756958
pitch: 10.318789
name: Mega4
