world: Mega
x: -1244.2478434845348
y: 66.0
z: 1111.950880660196
yaw: -199.87921
pitch: -5.182104
name: Mega15
