world: Bouquenia
x: -5.340047122328712
y: 16.0
z: 849.2822772186134
yaw: 0.731142
pitch: 0.4386649
name: Momie
