world: Bouquenia
x: 1166.856116950637
y: 73.0
z: 410.296329594205
yaw: -90.275085
pitch: -1.1369166
name: Neiges
