world: Bouquenia_nether
x: -30.801853776274882
y: 17.0
z: 99.61312912863868
yaw: 8.699451
pitch: -4.0255237
name: Nether
