world: Bouquenia
x: 148.25539952596418
y: 64.0
z: 431.8015352468239
yaw: -270.10413
pitch: -0.84449476
name: Nord
