world: Bouquenia
x: -45.95460951024877
y: 69.0
z: 778.6571267626373
yaw: 1.1645436
pitch: 2.7011218
name: Oasis
