world: Parkour
x: 1707.2017092662375
y: 35.0
z: 1242.8428378976541
yaw: -180.06653
pitch: 1.0214682
name: parkour1
