world: Bouquenia
x: 695.7290269358539
y: 92.0
z: 1352.5836083594581
yaw: 142.86322
pitch: 19.663485
name: PF
