world: Pitman
x: -740.2841041519429
y: 56.0
z: 447.6126739822979
yaw: -268.08832
pitch: -1.9782166
name: Pitman
