world: Bouquenia
x: 799.5458938584005
y: 101.0
z: 733.1066554169224
yaw: -90.70203
pitch: 2.8117037
name: Ravin
