world: Bouquenia
x: 441.30969618398075
y: 81.0
z: 2130.7122684054157
yaw: -155.8822
pitch: 1.2024422
name: reactor
