world: Normal
x: 9211.380826876473
y: 66.0
z: 1086.409465310747
yaw: -275.3498
pitch: 12.868118
name: Ressources
