world: Bouquenia
x: 693.8463435904683
y: 90.0
z: 1349.1969896339203
yaw: -239.86143
pitch: 13.229654
name: rig
