world: Bouquenia
x: -232.5
y: 63.0
z: 233.5
yaw: -88.04861
pitch: 1.0564675
name: Savanna
