world: HUB
x: -74.01678286875244
y: 190.0
z: 131.46172946559815
yaw: 1.9724731
pitch: 6.6210346
name: shop
