world: Test
x: 268.77288217376383
y: 96.0
z: -729.9880675528096
yaw: -98.851074
pitch: 8.335008
name: snow
