world: HUB
x: 479.41847730530657
y: 46.0
z: 81.4075239993274
yaw: -180.12782
pitch: 12.372758
name: spawn
