world: Bouquenia
x: -1028.495309714509
y: 60.0
z: 468.3146652506165
yaw: 269.7745
pitch: 0.6177139
name: Sylvestre
