world: Bouquenia
x: -647.5956628254602
y: 65.0
z: 1837.1528406323596
yaw: 271.23724
pitch: 0.47137213
name: Temple
