world: Bouquenia_the_end
x: 100.09377314428137
y: 49.0
z: 0.22531316654271513
yaw: -359.5957
pitch: -17.693764
name: theend
