world: HUB
x: 479.4707132767971
y: 46.0
z: 81.16503596288348
yaw: 179.79234
pitch: 13.884345
name: tutoriel
