world: Bouquenia
x: -459.2162582983606
y: 50.0
z: 2671.9097678554417
yaw: -91.27925
pitch: 0.632216
name: Volcan
